Scan completed on 2024-12-13 13:33:06.562307
Target: 172.16.100.254
Ports scanned: 1 to 10000

Open Ports:
2002
5559

Closed Ports:
50
29
12
25
40
55
1
41
47
79
62
73
88
90
91
64
48
92
72
20
66
52
96
98
26
44
3
21
38
51
42
32
34
56
39
45
9
11
18
46
10
53
36
57
74
77
75
43
71
99
82
83
78
60
70
86
65
16
69
87
68
81
94
97
93
100
27
4
28
23
14
5
58
59
61
80
85
49
6
7
104
24
67
95
13
84
63
30
89
15
101
31
35
17
37
76
2
33
19
8
54
102
103
105
106
107
109
108
112
111
113
110
116
119
124
127
117
122
115
128
118
121
114
123
120
125
129
126
130
131
141
145
137
147
148
158
153
146
159
133
157
154
136
151
140
139
152
173
149
161
143
150
177
168
134
163
156
142
175
135
181
132
155
169
189
162
138
176
185
160
178
144
191
167
174
186
190
197
206
193
201
184
192
199
170
198
182
179
196
194
203
188
165
200
171
164
180
172
202
195
204
183
166
187
213
217
207
208
224
223
226
216
215
211
210
214
212
205
220
228
225
221
227
209
222
219
218
232
234
235
251
231
241
230
248
244
238
237
240
249
245
236
253
246
242
243
239
255
256
258
247
252
233
250
260
229
262
254
261
259
264
272
270
279
285
263
268
271
257
276
278
267
273
281
266
265
280
282
269
284
277
286
274
275
291
292
305
297
289
317
320
294
287
313
304
300
309
319
303
312
296
321
307
301
318
295
308
306
314
299
298
293
290
288
310
283
316
302
315
322
311
327
324
330
326
329
323
332
328
331
325
333
335
336
348
356
338
354
343
357
334
342
339
337
349
340
341
362
368
345
377
351
359
355
352
358
350
344
346
347
367
353
366
361
364
380
360
363
365
375
383
379
382
376
378
370
369
384
381
371
373
374
372
386
392
394
398
385
389
397
387
414
391
406
402
400
390
427
418
396
393
388
395
409
401
411
404
403
399
405
407
413
417
420
410
415
412
421
424
431
408
416
422
423
426
419
428
432
425
430
429
434
448
449
463
446
437
447
456
444
460
451
442
445
438
439
443
435
433
461
453
450
452
455
466
459
470
484
458
436
440
454
467
441
462
472
465
468
474
457
483
482
479
476
478
473
469
475
477
464
480
471
489
481
496
495
491
507
485
509
505
487
500
488
490
492
506
498
502
497
499
493
503
526
517
508
504
494
501
514
486
510
520
522
528
527
511
512
518
513
515
521
516
519
525
524
523
530
535
540
550
531
529
533
538
536
541
534
539
537
544
546
545
542
532
547
559
543
565
562
572
552
560
554
577
549
551
557
567
574
563
573
568
558
548
564
578
556
569
555
566
553
561
571
575
576
570
589
582
594
591
603
610
602
579
581
583
580
587
586
593
599
597
598
609
604
600
596
611
605
607
592
606
612
584
590
588
601
608
595
585
616
624
614
619
620
618
625
623
613
621
615
627
626
617
622
630
637
631
636
634
643
650
641
635
629
628
632
633
640
638
644
642
645
647
639
651
646
649
652
664
656
655
666
657
658
653
667
669
671
654
662
672
648
659
661
665
668
670
663
660
678
686
707
687
682
684
706
690
691
683
679
693
675
711
677
676
699
673
681
694
698
692
714
702
710
705
695
709
712
680
685
689
674
697
696
688
700
704
703
708
701
713
715
718
716
717
723
729
731
721
737
742
739
734
740
722
736
748
719
725
744
730
727
720
733
743
726
728
724
735
738
741
732
745
749
756
747
750
754
763
764
761
755
770
767
766
751
762
759
768
746
753
757
758
760
765
772
769
771
752
773
775
777
784
785
790
787
788
792
794
780
776
774
778
791
783
782
779
789
786
802
781
793
807
806
795
803
796
812
814
811
817
798
799
801
808
810
818
797
800
804
820
815
822
836
825
816
813
821
805
809
819
823
828
824
833
827
838
830
829
835
831
834
832
837
839
846
857
826
849
867
862
865
854
842
870
840
847
845
855
859
852
860
844
851
848
866
858
841
853
861
856
871
869
868
874
863
880
875
877
873
881
872
843
876
884
883
894
888
899
864
902
897
900
905
893
903
890
891
878
879
895
886
904
850
892
887
898
896
901
882
889
885
906
914
907
909
911
912
923
918
910
921
915
926
908
913
917
919
916
925
920
933
937
932
935
929
924
942
945
943
928
940
944
922
927
946
936
938
931
934
930
939
947
941
949
959
951
961
948
953
962
958
954
966
963
957
980
955
992
1001
975
1015
995
996
1020
974
1017
972
956
994
1021
969
1007
965
1000
950
964
976
984
986
1008
952
1019
989
1023
973
1003
1002
991
971
985
1005
1025
1024
1037
977
1014
1027
1033
993
1009
983
1041
1012
967
1011
982
1016
988
1022
981
1010
970
998
1006
968
1043
987
1013
999
978
1018
997
960
979
990
1004
1028
1036
1029
1039
1050
1032
1031
1034
1026
1046
1045
1049
1047
1051
1048
1035
1040
1038
1042
1044
1030
1053
1055
1062
1076
1057
1052
1071
1063
1082
1056
1065
1068
1059
1060
1075
1061
1070
1054
1088
1100
1112
1081
1058
1092
1113
1086
1067
1091
1096
1069
1078
1089
1102
1110
1106
1099
1101
1079
1080
1122
1094
1128
1073
1121
1083
1072
1064
1125
1074
1116
1123
1117
1066
1087
1119
1098
1118
1104
1103
1085
1084
1105
1129
1109
1115
1124
1108
1127
1093
1114
1097
1095
1107
1111
1120
1090
1077
1126
1133
1135
1130
1137
1131
1143
1146
1138
1159
1163
1139
1141
1140
1154
1173
1152
1191
1181
1153
1157
1158
1149
1156
1132
1165
1164
1189
1150
1161
1145
1171
1147
1136
1148
1144
1170
1182
1180
1183
1190
1175
1205
1162
1142
1178
1134
1188
1176
1174
1155
1187
1204
1195
1184
1168
1167
1166
1172
1186
1160
1151
1169
1185
1179
1177
1209
1222
1192
1197
1213
1199
1201
1210
1193
1206
1214
1219
1216
1198
1212
1202
1194
1208
1215
1218
1200
1220
1223
1207
1203
1221
1196
1217
1211
1228
1224
1226
1225
1227
1233
1231
1229
1236
1237
1230
1235
1232
1234
1241
1244
1262
1239
1243
1246
1260
1253
1240
1255
1245
1238
1252
1248
1251
1249
1247
1257
1274
1259
1263
1278
1265
1256
1254
1267
1242
1283
1282
1258
1264
1266
1288
1269
1281
1250
1273
1261
1271
1277
1268
1275
1276
1291
1270
1292
1287
1286
1280
1284
1272
1293
1279
1297
1289
1295
1285
1319
1294
1290
1307
1300
1324
1302
1318
1299
1310
1325
1328
1327
1306
1296
1298
1303
1309
1312
1301
1305
1304
1315
1317
1308
1329
1332
1323
1320
1313
1322
1314
1354
1348
1337
1333
1336
1342
1339
1368
1379
1370
1401
1346
1357
1353
1340
1334
1338
1311
1355
1364
1356
1358
1330
1375
1377
1373
1345
1326
1335
1361
1343
1386
1389
1341
1352
1321
1331
1350
1316
1347
1400
1349
1344
1351
1369
1360
1398
1385
1380
1391
1365
1371
1359
1392
1388
1397
1366
1363
1384
1399
1390
1382
1395
1383
1367
1393
1396
1381
1378
1387
1362
1403
1374
1394
1372
1376
1405
1406
1402
1407
1404
1412
1409
1411
1413
1408
1420
1410
1431
1451
1452
1422
1449
1439
1414
1426
1416
1458
1442
1419
1438
1425
1435
1429
1447
1453
1417
1418
1448
1436
1446
1430
1415
1427
1450
1454
1432
1428
1437
1434
1424
1421
1441
1440
1423
1457
1433
1444
1459
1445
1456
1470
1443
1466
1455
1475
1463
1469
1479
1472
1487
1465
1464
1461
1468
1486
1473
1480
1462
1476
1477
1481
1478
1467
1460
1488
1474
1471
1482
1501
1495
1504
1483
1491
1484
1492
1485
1496
1499
1497
1498
1489
1503
1494
1502
1493
1506
1490
1505
1500
1511
1509
1510
1516
1518
1514
1517
1507
1508
1519
1512
1515
1532
1539
1520
1513
1525
1521
1531
1523
1522
1524
1528
1526
1534
1529
1537
1533
1535
1527
1540
1536
1544
1545
1542
1560
1547
1530
1541
1561
1543
1548
1549
1551
1550
1538
1546
1552
1555
1557
1556
1553
1559
1558
1563
1554
1565
1573
1572
1571
1562
1570
1591
1595
1596
1574
1601
1581
1564
1575
1580
1578
1579
1586
1590
1594
1598
1566
1600
1568
1584
1585
1582
1576
1577
1602
1592
1599
1587
1567
1588
1569
1583
1593
1603
1614
1607
1589
1606
1609
1597
1611
1605
1615
1622
1619
1626
1604
1623
1613
1608
1610
1620
1617
1616
1612
1625
1621
1624
1618
1628
1627
1630
1639
1648
1643
1641
1637
1631
1644
1634
1649
1656
1635
1651
1655
1629
1638
1658
1632
1654
1647
1657
1650
1645
1653
1642
1652
1636
1640
1633
1646
1680
1660
1678
1663
1675
1683
1682
1672
1661
1659
1664
1670
1674
1669
1668
1673
1671
1684
1666
1688
1667
1687
1662
1677
1665
1686
1679
1676
1681
1689
1685
1692
1693
1697
1696
1699
1703
1709
1701
1702
1713
1691
1715
1706
1694
1711
1719
1698
1704
1690
1708
1721
1723
1707
1695
1717
1712
1720
1705
1718
1714
1700
1725
1722
1729
1735
1724
1731
1710
1733
1716
1726
1727
1730
1739
1732
1743
1747
1728
1742
1734
1755
1738
1746
1750
1754
1751
1758
1762
1736
1756
1744
1770
1741
1737
1757
1783
1771
1764
1775
1745
1753
1769
1740
1765
1763
1749
1774
1759
1786
1787
1748
1766
1767
1782
1760
1768
1752
1761
1778
1780
1785
1781
1779
1777
1772
1788
1784
1773
1776
1793
1789
1799
1790
1798
1795
1794
1801
1802
1810
1791
1792
1815
1800
1839
1821
1819
1823
1825
1814
1827
1832
1797
1828
1844
1834
1805
1808
1806
1811
1842
1840
1804
1841
1803
1829
1817
1845
1846
1852
1837
1849
1812
1807
1850
1813
1809
1830
1816
1835
1836
1824
1818
1847
1822
1831
1848
1796
1820
1843
1826
1833
1838
1854
1857
1865
1856
1859
1860
1867
1873
1871
1858
1863
1851
1864
1869
1870
1855
1866
1875
1877
1872
1861
1853
1868
1862
1874
1879
1901
1881
1904
1898
1884
1911
1892
1889
1908
1876
1903
1905
1883
1906
1894
1880
1913
1909
1910
1882
1887
1895
1893
1897
1915
1886
1907
1891
1878
1890
1902
1921
1926
1914
1925
1933
1927
1896
1916
1918
1938
1919
1917
1930
1900
1932
1899
1934
1922
1888
1920
1935
1885
1912
1928
1924
1931
1923
1936
1929
1949
1937
1957
1946
1941
1943
1963
1947
1952
1964
1956
1945
1978
1951
1954
1959
1944
1950
1962
1975
1997
1958
2021
1980
1969
1939
2008
1991
1942
2024
1982
1953
1973
1967
1965
1948
2005
1993
1940
1976
2029
2025
2031
1998
1974
1990
2014
1979
1972
1994
1966
1988
1960
2019
1992
2004
1968
2016
1977
1995
2017
1961
2030
2022
1996
1981
2026
1971
1970
1986
2015
2006
1987
2018
2011
2003
1985
2027
2013
2028
1984
2007
2000
1955
2001
2012
2020
1983
2010
2009
1989
2023
1999
2036
2040
2041
2048
2075
2034
2038
2059
2082
2062
2094
2092
2049
2054
2098
2035
2047
2069
2078
2101
2068
2044
2050
2037
2045
2056
2053
2052
2046
2079
2039
2073
2058
2057
2067
2076
2051
2064
2061
2032
2085
2055
2042
2066
2033
2065
2072
2063
2043
2071
2080
2087
2095
2102
2074
2077
2083
2097
2084
2090
2099
2086
2088
2121
2060
2070
2115
2096
2111
2093
2081
2105
2089
2104
2110
2114
2091
2100
2124
2118
2126
2116
2123
2120
2136
2148
2162
2149
2174
2179
2178
2131
2144
2160
2189
2165
2146
2180
2151
2147
2138
2134
2132
2172
2169
2157
2167
2152
2154
2175
2183
2181
2140
2143
2159
2187
2130
2145
2191
2171
2164
2150
2184
2186
2176
2158
2155
2173
2190
2137
2170
2156
2141
2185
2153
2139
2166
2182
2161
2177
2133
2193
2168
2135
2192
2163
2188
2142
2200
2198
2207
2202
2206
2196
2210
2205
2195
2212
2209
2199
2203
2220
2219
2208
2201
2223
2204
2197
2226
2224
2231
2213
2240
2216
2194
2211
2230
2222
2235
2217
2218
2215
2232
2237
2225
2221
2214
2228
2238
2239
2233
2236
2234
2241
2229
2243
2227
2246
2247
2242
2270
2257
2256
2274
2267
2272
2259
2262
2266
2273
2254
2245
2253
2261
2275
2271
2250
2268
2276
2264
2265
2263
2258
2269
2260
2244
2248
2277
2255
2249
2251
2252
2290
2279
2281
2289
2283
2282
2284
2278
2294
2287
2286
2288
2297
2305
2295
2285
2313
2293
2280
2291
2300
2292
2299
2302
2303
2304
2306
2296
2309
2314
2317
2301
2326
2308
2310
2307
2315
2298
2328
2342
2323
2319
2320
2352
2336
2325
2316
2355
2339
2327
2350
2311
2312
2332
2344
2338
2318
2349
2356
2331
2359
2346
2341
2354
2357
2348
2334
2321
2361
2333
2340
2360
2330
2335
2351
2358
2324
2347
2337
2329
2353
2343
2322
2345
2363
2364
2366
2365
2375
2371
2379
2368
2378
2362
2374
2370
2377
2381
2376
2367
2372
2369
2380
2373
2385
2384
2382
2391
2386
2383
2387
2388
2394
2390
2396
2393
2395
2392
2389
2400
2411
2412
2413
2406
2404
2402
2426
2418
2421
2419
2420
2414
2408
2417
2410
2416
2397
2423
2407
2415
2438
2439
2424
2398
2409
2422
2435
2425
2399
2455
2430
2434
2458
2431
2427
2441
2429
2446
2403
2462
2401
2448
2405
2464
2450
2459
2454
2443
2428
2451
2432
2440
2466
2436
2433
2445
2437
2456
2447
2444
2442
2457
2463
2453
2467
2460
2473
2468
2465
2480
2477
2469
2479
2475
2461
2471
2478
2452
2472
2474
2476
2470
2449
2481
2486
2482
2483
2485
2487
2490
2488
2484
2493
2511
2522
2492
2491
2489
2500
2501
2503
2506
2510
2494
2520
2523
2509
2496
2521
2495
2518
2499
2505
2516
2508
2498
2532
2497
2531
2524
2514
2527
2507
2535
2530
2533
2526
2538
2548
2502
2550
2519
2546
2528
2547
2525
2529
2553
2562
2517
2554
2564
2537
2539
2549
2542
2551
2557
2515
2556
2559
2561
2512
2555
2534
2567
2543
2541
2536
2575
2577
2513
2569
2545
2552
2558
2563
2572
2573
2576
2570
2544
2504
2565
2571
2568
2566
2574
2560
2540
2585
2589
2582
2583
2595
2579
2593
2590
2591
2594
2587
2592
2599
2610
2596
2600
2601
2603
2588
2604
2584
2608
2597
2586
2606
2578
2607
2609
2598
2581
2605
2580
2602
2616
2626
2631
2639
2614
2638
2632
2611
2640
2623
2617
2622
2629
2615
2628
2620
2621
2630
2641
2635
2613
2634
2625
2612
2619
2649
2650
2633
2618
2655
2644
2636
2648
2652
2624
2646
2651
2654
2658
2660
2643
2627
2653
2661
2647
2645
2656
2657
2642
2637
2659
2665
2666
2664
2667
2671
2670
2663
2668
2669
2662
2676
2677
2682
2687
2701
2705
2720
2741
2724
2744
2745
2686
2710
2740
2704
2702
2703
2721
2712
2732
2714
2700
2733
2683
2728
2678
2725
2679
2727
2726
2737
2674
2675
2730
2694
2742
2695
2672
2680
2673
2715
2707
2743
2717
2688
2723
2735
2691
2739
2681
2684
2685
2719
2692
2706
2729
2698
2722
2689
2734
2696
2690
2693
2697
2711
2738
2748
2709
2716
2708
2699
2750
2751
2731
2747
2749
2713
2755
2754
2736
2746
2752
2718
2753
2757
2756
2783
2782
2765
2769
2758
2777
2780
2760
2781
2790
2776
2784
2766
2785
2772
2768
2792
2791
2773
2762
2761
2771
2789
2759
2764
2767
2763
2794
2770
2775
2788
2793
2778
2774
2779
2786
2787
2795
2809
2827
2828
2796
2802
2813
2804
2799
2797
2808
2829
2807
2810
2801
2800
2826
2806
2812
2803
2822
2805
2824
2816
2818
2798
2814
2823
2815
2819
2811
2817
2821
2820
2835
2834
2825
2830
2833
2840
2831
2838
2839
2832
2837
2836
2842
2843
2841
2846
2844
2845
2849
2853
2847
2854
2852
2868
2878
2871
2869
2848
2861
2882
2860
2858
2857
2885
2889
2851
2872
2880
2908
2866
2855
2916
2887
2865
2867
2856
2893
2883
2898
2902
2914
2911
2873
2864
2917
2913
2874
2915
2876
2875
2922
2912
2870
2879
2921
2877
2894
2899
2906
2886
2850
2891
2881
2859
2904
2863
2890
2888
2919
2901
2924
2897
2909
2896
2918
2907
2920
2900
2903
2910
2884
2862
2895
2892
2923
2905
2928
2925
2927
2929
2926
2930
2931
2933
2932
2937
2936
2944
2935
2938
2939
2955
2941
2948
2934
2958
2950
2945
2954
2951
2957
2943
2953
2956
2946
2947
2979
2991
2960
2967
2940
2986
2942
2970
2972
2975
2962
2949
2952
2987
2981
2980
2984
2963
2961
2993
2977
2985
2971
2959
2965
2969
2989
2964
2978
2988
2976
2995
2983
2968
2966
2982
2990
2992
2973
2996
2974
2994
2999
3001
3008
2997
3009
3025
3028
3020
3005
3012
3015
3018
3007
3011
2998
3026
3030
3021
3004
3002
3027
3029
3010
3024
3017
3000
3014
3022
3019
3006
3023
3013
3016
3003
3031
3034
3037
3036
3032
3038
3033
3040
3046
3035
3051
3058
3048
3052
3069
3059
3106
3053
3050
3107
3043
3074
3070
3068
3075
3065
3084
3108
3045
3086
3109
3099
3057
3061
3097
3039
3064
3047
3044
3098
3081
3110
3080
3089
3094
3092
3060
3100
3105
3078
3077
3111
3102
3042
3063
3091
3073
3104
3076
3072
3079
3090
3112
3114
3095
3071
3087
3101
3096
3113
3062
3085
3055
3066
3067
3041
3088
3093
3049
3054
3056
3082
3083
3103
3117
3124
3118
3125
3136
3129
3139
3142
3126
3134
3123
3121
3144
3127
3146
3115
3145
3120
3131
3161
3174
3141
3149
3160
3178
3156
3154
3116
3148
3137
3180
3135
3140
3181
3153
3152
3138
3133
3183
3179
3172
3163
3186
3128
3167
3130
3147
3165
3170
3168
3176
3157
3182
3164
3173
3177
3171
3196
3158
3119
3162
3188
3192
3132
3184
3159
3175
3150
3143
3194
3197
3185
3190
3166
3122
3169
3189
3187
3151
3155
3198
3191
3193
3195
3199
3200
3205
3209
3204
3227
3250
3202
3215
3244
3221
3226
3232
3228
3231
3210
3254
3201
3217
3214
3243
3222
3236
3229
3253
3206
3233
3207
3212
3230
3216
3224
3218
3234
3208
3240
3211
3247
3223
3246
3213
3220
3241
3203
3237
3225
3219
3235
3242
3252
3239
3245
3251
3248
3249
3238
3260
3257
3261
3270
3256
3269
3266
3282
3273
3279
3272
3263
3274
3255
3262
3281
3275
3268
3271
3267
3277
3258
3280
3278
3276
3264
3259
3265
3283
3285
3287
3284
3286
3303
3307
3313
3305
3298
3292
3294
3299
3310
3290
3306
3296
3302
3288
3311
3291
3297
3301
3312
3304
3295
3309
3289
3308
3293
3314
3300
3337
3321
3346
3328
3325
3327
3315
3335
3340
3330
3323
3318
3333
3319
3324
3341
3332
3316
3317
3334
3326
3336
3329
3322
3320
3331
3363
3342
3343
3338
3361
3344
3339
3345
3348
3349
3356
3364
3352
3360
3347
3357
3358
3351
3354
3359
3353
3366
3369
3365
3374
3367
3386
3355
3350
3368
3362
3373
3379
3387
3370
3384
3372
3388
3371
3380
3383
3396
3375
3398
3393
3382
3389
3378
3406
3418
3381
3376
3394
3397
3377
3404
3416
3392
3391
3410
3390
3395
3385
3399
3408
3409
3401
3411
3424
3405
3412
3413
3415
3402
3419
3423
3420
3426
3435
3421
3431
3428
3407
3414
3417
3427
3430
3403
3400
3429
3433
3432
3425
3422
3438
3434
3441
3448
3449
3452
3450
3453
3457
3440
3442
3447
3455
3439
3443
3436
3446
3444
3437
3451
3459
3445
3460
3464
3456
3461
3463
3454
3468
3462
3458
3467
3469
3465
3466
3472
3473
3477
3476
3480
3489
3471
3486
3488
3470
3481
3479
3482
3478
3485
3475
3474
3490
3493
3494
3484
3483
3497
3487
3501
3505
3495
3506
3499
3512
3509
3508
3515
3491
3510
3498
3507
3496
3514
3502
3528
3492
3504
3516
3519
3518
3503
3538
3511
3525
3500
3529
3520
3521
3513
3539
3517
3523
3540
3532
3522
3526
3533
3524
3537
3534
3535
3530
3527
3536
3531
3553
3541
3542
3543
3544
3560
3561
3547
3546
3558
3562
3545
3551
3554
3559
3552
3563
3548
3550
3555
3549
3557
3556
3567
3564
3566
3565
3573
3569
3568
3570
3574
3571
3572
3575
3583
3593
3592
3601
3600
3598
3609
3576
3581
3577
3597
3623
3578
3602
3615
3579
3618
3588
3589
3614
3596
3594
3605
3585
3619
3607
3595
3606
3584
3613
3580
3612
3616
3617
3621
3620
3622
3586
3590
3587
3582
3599
3603
3608
3604
3591
3611
3610
3624
3629
3625
3628
3626
3627
3631
3662
3641
3647
3640
3636
3674
3655
3673
3660
3677
3672
3630
3635
3644
3659
3666
3638
3670
3671
3692
3667
3684
3683
3687
3643
3637
3704
3661
3700
3651
3650
3690
3711
3685
3657
3645
3658
3634
3632
3689
3654
3698
3699
3646
3696
3642
3648
3702
3633
3649
3653
3676
3703
3706
3686
3701
3710
3681
3682
3709
3679
3675
3694
3652
3693
3680
3668
3663
3639
3705
3669
3708
3688
3712
3678
3707
3665
3664
3697
3713
3656
3695
3691
3714
3715
3749
3752
3726
3758
3766
3727
3759
3767
3771
3770
3779
3797
3789
3716
3729
3735
3733
3751
3750
3777
3741
3786
3744
3728
3721
3757
3724
3773
3717
3772
3734
3748
3761
3764
3720
3756
3725
3754
3760
3740
3793
3736
3783
3745
3782
3769
3790
3765
3788
3768
3739
3719
3723
3738
3742
3755
3791
3762
3763
3796
3732
3731
3774
3722
3718
3778
3730
3747
3753
3737
3746
3743
3776
3784
3802
3806
3812
3811
3800
3785
3807
3810
3775
3781
3805
3808
3798
3799
3801
3780
3809
3803
3804
3814
3815
3823
3824
3827
3813
3818
3852
3881
3838
3842
3839
3851
3891
3820
3860
3843
3892
3825
3826
3816
3828
3889
3845
3859
3885
3833
3819
3831
3863
3830
3821
3857
3836
3829
3837
3861
3871
3866
3875
3832
3872
3817
3822
3880
3887
3854
3846
3835
3834
3886
3840
3841
3870
3862
3876
3884
3873
3847
3890
3867
3850
3888
3848
3855
3898
3897
3895
3894
3893
3896
3899
3910
3911
3902
3913
3915
3906
3916
3907
3900
3914
3912
3909
3905
3901
3903
3918
3904
3908
3917
3923
3922
3926
3944
3934
3950
3960
3946
3951
3959
3921
3945
3929
3952
3958
3938
3925
3939
3928
3949
3942
3930
3957
3956
3953
3961
3919
3927
3920
3943
3924
3935
3933
3941
3937
3932
3954
3963
3962
3940
3955
3948
3931
3947
3936
3966
3976
3964
3973
3968
3965
3970
3983
3981
3969
3971
3977
3982
3974
3979
3972
3978
3980
3975
3967
3989
4004
4008
4002
4003
4005
3988
3990
3985
3993
4018
3992
3996
4021
4013
3994
3987
4023
4000
4007
4006
4028
3997
4001
3984
4011
3991
4019
4026
4027
4020
4022
4012
3995
4014
4015
4010
4016
4025
4009
3998
3999
4024
3986
4017
4030
4038
4036
4039
4042
4032
4029
4034
4033
4040
4031
4045
4037
4044
4041
4035
4047
4043
4048
4046
4049
4071
4060
4052
4062
4070
4051
4065
4078
4080
4064
4076
4081
4077
4090
4085
4093
4087
4109
4074
4105
4079
4086
4092
4069
4050
4095
4056
4053
4073
4067
4096
4082
4058
4110
4059
4104
4061
4057
4083
4084
4089
4091
4108
4100
4106
4088
4099
4068
4112
4103
4113
4111
4098
4094
4101
4102
4072
4055
4054
4075
4063
4107
4097
4066
4116
4114
4118
4115
4135
4145
4129
4155
4149
4128
4158
4120
4136
4153
4144
4134
4146
4117
4159
4138
4131
4139
4150
4147
4137
4123
4154
4141
4127
4132
4122
4121
4156
4124
4148
4126
4125
4157
4130
4173
4160
4119
4166
4161
4176
4167
4133
4170
4143
4142
4169
4174
4163
4152
4151
4165
4172
4178
4162
4168
4177
4171
4164
4140
4175
4180
4186
4184
4192
4179
4191
4182
4211
4204
4193
4213
4197
4201
4190
4187
4181
4205
4185
4210
4183
4203
4189
4188
4194
4202
4208
4212
4200
4195
4207
4199
4214
4198
4209
4206
4196
4216
4230
4217
4221
4233
4229
4226
4241
4227
4220
4224
4235
4225
4234
4222
4236
4219
4240
4223
4237
4239
4231
4232
4242
4215
4244
4243
4218
4238
4245
4228
4246
4255
4248
4267
4264
4268
4251
4256
4247
4254
4265
4258
4252
4261
4269
4274
4270
4275
4279
4271
4278
4277
4253
4259
4260
4266
4249
4257
4250
4272
4276
4273
4263
4262
4281
4287
4282
4285
4289
4284
4306
4310
4300
4313
4314
4298
4290
4292
4283
4303
4280
4296
4308
4309
4305
4295
4304
4315
4286
4301
4299
4288
4291
4302
4312
4293
4294
4307
4297
4322
4334
4340
4335
4332
4342
4368
4369
4366
4333
4371
4323
4367
4317
4345
4350
4346
4377
4321
4361
4318
4375
4311
4320
4316
4324
4330
4331
4339
4360
4337
4347
4327
4351
4354
4326
4356
4364
4363
4372
4336
4349
4359
4355
4365
4353
4358
4378
4357
4370
4325
4343
4348
4329
4352
4376
4328
4319
4344
4373
4379
4374
4341
4362
4338
4380
4382
4389
4392
4400
4391
4433
4425
4407
4411
4415
4396
4437
4394
4412
4408
4439
4416
4417
4419
4413
4406
4393
4405
4414
4387
4422
4418
4383
4426
4434
4423
4424
4435
4399
4384
4409
4398
4390
4421
4431
4436
4381
4404
4429
4444
4430
4438
4420
4427
4403
4432
4385
4386
4395
4440
4401
4443
4388
4402
4397
4442
4441
4428
4410
4452
4453
4465
4475
4455
4464
4445
4468
4449
4459
4476
4447
4463
4507
4454
4461
4474
4503
4490
4460
4485
4492
4456
4457
4499
4450
4498
4509
4489
4448
4466
4502
4480
4483
4493
4491
4495
4446
4486
4458
4451
4484
4469
4462
4494
4488
4473
4482
4472
4477
4500
4481
4508
4467
4487
4497
4506
4470
4504
4505
4501
4471
4496
4478
4479
4514
4510
4512
4530
4529
4531
4528
4522
4524
4535
4558
4518
4553
4534
4560
4515
4562
4545
4511
4568
4541
4561
4551
4544
4554
4556
4520
4542
4546
4513
4566
4521
4567
4537
4532
4517
4538
4564
4519
4557
4550
4539
4555
4559
4565
4526
4525
4533
4543
4523
4548
4527
4547
4516
4569
4570
4540
4536
4549
4552
4563
4573
4571
4572
4574
4575
4579
4589
4587
4591
4578
4588
4577
4580
4581
4584
4582
4592
4576
4585
4600
4615
4590
4606
4603
4595
4599
4602
4597
4601
4614
4593
4586
4619
4604
4605
4610
4612
4613
4596
4598
4583
4594
4608
4618
4607
4609
4611
4624
4636
4638
4632
4629
4630
4628
4617
4622
4633
4639
4620
4643
4634
4640
4645
4621
4641
4627
4625
4647
4642
4648
4644
4626
4616
4623
4646
4631
4635
4650
4637
4651
4661
4653
4680
4665
4678
4656
4668
4662
4681
4674
4660
4675
4677
4676
4659
4657
4664
4671
4673
4669
4672
4670
4654
4652
4655
4663
4666
4658
4682
4649
4667
4679
4685
4693
4692
4689
4700
4687
4683
4688
4711
4698
4690
4684
4728
4706
4720
4709
4712
4715
4714
4686
4694
4718
4724
4710
4740
4730
4699
4732
4736
4705
4747
4716
4697
4719
4696
4721
4746
4729
4734
4708
4743
4704
4707
4691
4731
4744
4742
4739
4695
4726
4735
4713
4733
4723
4717
4727
4703
4737
4702
4741
4738
4701
4745
4722
4725
4748
4757
4762
4750
4756
4765
4751
4759
4752
4767
4753
4755
4772
4758
4754
4792
4749
4808
4761
4800
4787
4807
4768
4766
4806
4771
4770
4775
4763
4777
4774
4797
4782
4760
4799
4798
4805
4790
4802
4810
4794
4785
4781
4793
4778
4788
4803
4804
4791
4776
4795
4811
4784
4780
4764
4812
4789
4779
4783
4809
4801
4773
4786
4796
4769
4813
4814
4822
4818
4835
4833
4815
4821
4820
4824
4828
4836
4834
4819
4825
4837
4853
4855
4851
4845
4838
4816
4831
4852
4844
4857
4854
4829
4830
4826
4860
4846
4832
4817
4848
4847
4823
4850
4856
4861
4849
4827
4841
4866
4877
4858
4867
4862
4871
4840
4870
4863
4872
4876
4875
4874
4868
4873
4859
4843
4839
4864
4865
4869
4842
4878
4879
4885
4884
4880
4886
4890
4908
4882
4883
4895
4891
4881
4888
4889
4896
4892
4898
4897
4887
4905
4901
4906
4907
4904
4903
4894
4899
4900
4902
4893
4909
4925
4910
4921
4924
4917
4942
4937
4919
4916
4938
4936
4915
4931
4928
4911
4944
4927
4930
4926
4929
4913
4918
4933
4939
4932
4914
4934
4923
4920
4912
4922
4935
4949
4943
4955
4940
4952
4945
4946
4947
4954
4950
4941
4953
4956
4948
4951
4957
4961
4960
4962
4972
4973
4967
4976
4971
4965
4974
4975
4968
4970
4959
4964
4966
4963
4969
4958
4987
4986
4993
4989
4998
4990
4988
4992
4983
4984
4980
4981
4979
4999
4977
4991
5000
4994
4978
4982
4995
4997
4996
4985
5001
5007
5018
5008
5017
5021
5012
5016
5004
5006
5009
5013
5005
5010
5011
5003
5019
5020
5015
5014
5002
5023
5024
5032
5027
5031
5022
5026
5028
5033
5030
5025
5029
5040
5049
5042
5050
5036
5038
5039
5041
5048
5054
5062
5057
5044
5035
5063
5034
5059
5056
5060
5052
5064
5051
5065
5058
5046
5043
5047
5053
5037
5045
5055
5061
5074
5082
5070
5068
5083
5090
5076
5077
5094
5098
5072
5071
5084
5075
5088
5086
5085
5081
5095
5087
5073
5078
5067
5079
5089
5091
5096
5093
5080
5097
5092
5066
5069
5102
5106
5101
5111
5125
5126
5128
5113
5129
5121
5114
5110
5103
5131
5139
5105
5109
5118
5116
5122
5120
5123
5134
5132
5112
5133
5137
5130
5115
5100
5136
5117
5104
5107
5135
5108
5127
5138
5119
5124
5099
5151
5142
5153
5143
5150
5141
5155
5140
5158
5146
5161
5159
5152
5145
5149
5148
5157
5156
5160
5162
5163
5154
5147
5144
5164
5166
5175
5165
5168
5167
5173
5192
5169
5197
5190
5186
5204
5181
5172
5187
5183
5198
5182
5171
5179
5188
5185
5178
5170
5177
5174
5176
5189
5180
5193
5196
5199
5191
5202
5195
5201
5200
5194
5184
5203
5206
5207
5205
5209
5221
5219
5208
5218
5214
5215
5213
5211
5210
5220
5216
5212
5217
5229
5224
5230
5228
5235
5236
5222
5225
5233
5227
5234
5231
5245
5249
5252
5223
5248
5232
5226
5237
5244
5251
5255
5240
5258
5278
5280
5247
5254
5257
5266
5265
5276
5253
5250
5256
5269
5238
5262
5268
5259
5241
5261
5267
5243
5263
5246
5242
5239
5260
5264
5275
5279
5271
5274
5270
5283
5282
5286
5284
5290
5285
5287
5299
5292
5317
5301
5341
5294
5311
5315
5272
5303
5302
5320
5305
5313
5298
5336
5291
5306
5337
5316
5277
5326
5318
5308
5328
5304
5319
5297
5340
5333
5327
5289
5325
5342
5331
5322
5312
5339
5296
5273
5321
5324
5307
5300
5295
5330
5323
5335
5338
5314
5288
5310
5334
5309
5329
5332
5293
5348
5344
5345
5347
5346
5343
5350
5361
5352
5402
5367
5392
5391
5374
5377
5363
5382
5394
5384
5366
5397
5406
5358
5362
5349
5351
5400
5403
5365
5357
5383
5356
5387
5373
5395
5364
5359
5379
5372
5380
5354
5393
5375
5378
5360
5389
5376
5371
5405
5353
5370
5398
5386
5388
5369
5381
5404
5368
5355
5385
5401
5390
5399
5396
5407
5408
5409
5412
5413
5416
5410
5411
5415
5414
5419
5425
5420
5423
5435
5438
5445
5418
5431
5436
5417
5421
5432
5433
5428
5430
5442
5426
5456
5443
5427
5424
5437
5434
5422
5447
5457
5446
5429
5444
5439
5453
5441
5452
5440
5448
5451
5449
5460
5461
5455
5464
5454
5465
5469
5459
5450
5458
5470
5463
5467
5472
5462
5474
5473
5477
5479
5466
5468
5471
5478
5476
5480
5475
5481
5486
5484
5483
5485
5491
5487
5509
5504
5492
5495
5488
5517
5523
5482
5535
5511
5528
5490
5502
5526
5515
5501
5534
5496
5519
5518
5525
5507
5489
5494
5537
5530
5500
5493
5499
5516
5512
5521
5539
5543
5540
5541
5503
5508
5510
5532
5533
5497
5531
5527
5529
5514
5536
5538
5506
5513
5498
5505
5520
5544
5522
5542
5524
5552
5553
5561
5567
5545
5548
5560
5570
5555
5549
5573
5547
5551
5566
5550
5546
5558
5556
5562
5563
5568
5564
5557
5572
5554
5574
5571
5569
5575
5598
5565
5596
5593
5608
5579
5606
5577
5601
5578
5585
5576
5600
5588
5597
5580
5581
5595
5594
5589
5584
5605
5587
5604
5592
5599
5582
5602
5590
5586
5603
5583
5607
5591
5609
5610
5611
5614
5617
5613
5618
5636
5619
5634
5642
5620
5631
5624
5626
5627
5621
5629
5630
5612
5628
5625
5638
5623
5622
5616
5637
5632
5639
5640
5643
5615
5635
5633
5641
5644
5655
5645
5670
5656
5649
5658
5671
5657
5666
5661
5669
5662
5650
5652
5681
5647
5659
5654
5668
5651
5648
5664
5675
5646
5667
5665
5653
5663
5680
5660
5678
5672
5674
5677
5676
5673
5679
5684
5682
5686
5683
5691
5698
5687
5700
5690
5706
5689
5693
5692
5697
5701
5685
5702
5708
5688
5705
5703
5694
5699
5696
5695
5704
5707
5709
5718
5716
5712
5711
5710
5713
5715
5733
5731
5722
5740
5743
5714
5732
5721
5720
5741
5724
5717
5734
5736
5738
5726
5730
5744
5723
5719
5727
5745
5735
5725
5728
5737
5739
5742
5729
5753
5763
5752
5748
5771
5758
5767
5750
5770
5755
5760
5762
5746
5781
5768
5764
5765
5769
5761
5749
5772
5754
5773
5776
5759
5782
5751
5766
5778
5774
5780
5777
5757
5775
5747
5756
5786
5779
5798
5789
5790
5788
5796
5784
5799
5783
5791
5792
5793
5800
5795
5802
5806
5804
5803
5807
5797
5809
5787
5794
5805
5801
5808
5785
5810
5811
5813
5818
5821
5817
5815
5822
5835
5839
5836
5860
5841
5828
5849
5848
5864
5847
5863
5833
5873
5812
5855
5834
5853
5857
5842
5816
5832
5830
5844
5843
5854
5869
5859
5826
5814
5861
5851
5867
5850
5825
5871
5845
5870
5872
5820
5840
5874
5852
5866
5829
5827
5865
5831
5824
5858
5868
5862
5875
5838
5823
5819
5856
5837
5846
5881
5880
5882
5878
5904
5908
5893
5890
5876
5912
5879
5889
5888
5877
5885
5883
5913
5914
5884
5886
5894
5895
5905
5897
5887
5892
5911
5910
5902
5900
5937
5891
5907
5898
5899
5933
5906
5922
5932
5923
5909
5901
5936
5918
5903
5896
5917
5930
5915
5938
5924
5935
5916
5921
5928
5929
5925
5926
5919
5927
5934
5920
5931
5939
5941
5943
5946
5947
5952
5942
5950
5944
5945
5953
5958
5949
5986
5973
5940
5956
5979
5977
5951
5984
5965
5987
5959
5963
5968
5971
5960
5980
5957
5989
5982
5964
5966
5983
5970
5976
5955
5962
5948
5954
5969
5975
5961
5967
5981
5972
5978
5974
5985
5993
5988
6002
5991
5995
5997
5994
5990
5998
5992
6001
5999
6003
5996
6000
6006
6004
6009
6008
6020
6046
6022
6025
6005
6047
6042
6026
6040
6054
6049
6017
6007
6016
6033
6029
6036
6021
6010
6023
6041
6043
6032
6024
6037
6052
6044
6012
6018
6011
6034
6030
6045
6035
6028
6027
6031
6013
6039
6062
6053
6055
6057
6014
6051
6019
6063
6061
6038
6067
6015
6058
6065
6050
6060
6056
6059
6066
6064
6048
6068
6072
6086
6084
6069
6073
6087
6070
6075
6092
6079
6076
6074
6077
6071
6088
6080
6090
6083
6106
6102
6095
6100
6131
6113
6120
6085
6112
6124
6115
6094
6114
6121
6105
6081
6109
6104
6116
6108
6122
6132
6098
6082
6126
6103
6128
6099
6097
6089
6123
6129
6130
6078
6125
6091
6118
6117
6093
6107
6111
6127
6101
6110
6119
6096
6135
6133
6136
6138
6139
6140
6134
6146
6137
6149
6142
6162
6165
6144
6148
6143
6141
6147
6167
6160
6157
6145
6155
6151
6152
6169
6150
6153
6154
6156
6159
6163
6164
6161
6166
6186
6177
6180
6196
6168
6190
6173
6176
6179
6175
6158
6187
6193
6195
6189
6174
6185
6170
6172
6171
6192
6178
6191
6182
6184
6194
6183
6181
6188
6198
6197
6199
6200
6208
6202
6219
6205
6230
6203
6201
6215
6232
6234
6204
6206
6210
6216
6224
6218
6207
6236
6222
6227
6214
6217
6233
6223
6246
6212
6226
6225
6256
6240
6249
6211
6238
6247
6252
6209
6237
6262
6257
6228
6235
6254
6231
6263
6229
6259
6221
6239
6258
6243
6220
6245
6250
6244
6260
6255
6248
6253
6242
6261
6251
6241
6213
6266
6270
6264
6265
6273
6269
6267
6272
6271
6268
6277
6306
6280
6299
6288
6305
6304
6278
6275
6276
6284
6297
6281
6316
6283
6291
6311
6293
6290
6310
6287
6295
6313
6285
6292
6318
6300
6286
6302
6309
6282
6289
6296
6314
6307
6322
6323
6294
6329
6321
6326
6324
6312
6330
6331
6317
6301
6279
6274
6303
6308
6315
6327
6325
6328
6319
6320
6298
6332
6336
6333
6334
6335
6337
6341
6340
6342
6343
6339
6338
6348
6362
6388
6399
6358
6360
6351
6350
6392
6359
6387
6363
6349
6345
6370
6389
6357
6365
6386
6375
6374
6368
6393
6373
6344
6354
6352
6364
6398
6378
6381
6394
6385
6346
6361
6397
6353
6367
6377
6355
6369
6347
6395
6366
6379
6390
6371
6376
6372
6384
6396
6401
6383
6356
6391
6380
6382
6400
6407
6406
6404
6402
6403
6405
6413
6410
6412
6416
6414
6421
6432
6439
6411
6426
6409
6418
6433
6445
6436
6417
6425
6444
6430
6440
6448
6442
6422
6419
6434
6408
6415
6423
6447
6429
6438
6435
6420
6428
6437
6427
6443
6451
6441
6431
6461
6455
6462
6454
6453
6449
6457
6452
6471
6469
6465
6446
6450
6463
6456
6467
6460
6464
6424
6459
6468
6466
6470
6458
6472
6476
6473
6483
6474
6492
6497
6488
6502
6480
6475
6478
6484
6482
6481
6495
6493
6494
6491
6489
6504
6496
6477
6486
6479
6498
6503
6485
6490
6487
6499
6500
6506
6501
6507
6517
6529
6511
6531
6534
6512
6515
6527
6518
6530
6522
6533
6523
6526
6516
6505
6508
6510
6521
6524
6519
6535
6514
6520
6525
6532
6528
6509
6513
6536
6537
6544
6545
6543
6541
6539
6540
6542
6550
6538
6547
6548
6546
6549
6567
6559
6554
6561
6558
6551
6553
6555
6560
6566
6563
6565
6556
6564
6573
6577
6572
6557
6597
6585
6579
6562
6552
6583
6594
6596
6570
6575
6571
6595
6576
6580
6581
6584
6587
6586
6590
6599
6568
6589
6569
6601
6593
6574
6609
6604
6591
6612
6607
6582
6605
6614
6606
6588
6600
6592
6603
6578
6608
6602
6611
6610
6598
6613
6615
6626
6627
6624
6633
6634
6617
6620
6621
6625
6623
6636
6630
6641
6643
6631
6639
6655
6637
6618
6628
6619
6638
6642
6640
6632
6629
6644
6635
6645
6653
6651
6649
6647
6652
6650
6616
6648
6646
6622
6654
6658
6656
6667
6663
6671
6657
6660
6659
6661
6668
6662
6674
6666
6677
6676
6665
6673
6678
6672
6669
6675
6664
6670
6681
6679
6680
6683
6682
6685
6694
6686
6684
6690
6696
6687
6704
6697
6691
6692
6689
6703
6688
6705
6700
6693
6695
6698
6699
6702
6701
6706
6710
6708
6709
6707
6711
6717
6718
6712
6713
6716
6719
6715
6714
6720
6728
6729
6738
6739
6723
6725
6721
6735
6726
6736
6730
6733
6724
6732
6737
6742
6740
6722
6731
6745
6748
6747
6746
6744
6734
6741
6743
6727
6750
6759
6754
6751
6761
6757
6783
6766
6756
6767
6771
6780
6755
6760
6779
6775
6765
6768
6752
6749
6753
6781
6772
6773
6763
6777
6762
6776
6770
6764
6758
6769
6774
6782
6778
6786
6787
6788
6784
6785
6797
6796
6789
6806
6807
6798
6810
6801
6813
6799
6820
6815
6812
6832
6821
6827
6811
6841
6818
6808
6794
6802
6847
6817
6840
6837
6795
6833
6852
6800
6790
6844
6825
6809
6803
6842
6816
6829
6834
6839
6845
6804
6835
6830
6836
6791
6814
6793
6792
6826
6819
6851
6828
6822
6823
6831
6849
6848
6850
6843
6838
6846
6824
6805
6853
6856
6854
6859
6857
6868
6860
6858
6865
6855
6877
6880
6870
6889
6878
6871
6886
6872
6874
6862
6876
6864
6879
6869
6888
6895
6890
6881
6894
6873
6893
6882
6863
6861
6867
6896
6866
6875
6885
6887
6883
6900
6884
6898
6897
6891
6913
6892
6914
6911
6904
6906
6903
6908
6899
6916
6915
6901
6907
6909
6918
6925
6912
6920
6924
6921
6927
6929
6919
6902
6923
6917
6910
6922
6930
6926
6905
6931
6939
6935
6932
6943
6934
6950
6928
6933
6942
6937
6941
6945
6947
6946
6956
6940
6957
6952
6949
6938
6959
6953
6951
6958
6936
6955
6948
6966
6961
6960
6967
6982
6972
6974
6981
6973
6975
6978
6983
6979
6954
6976
6944
6970
6968
6962
6964
6963
6971
6969
6977
6965
6980
6985
6987
6984
6989
6991
6990
6986
6988
6993
6992
6994
6999
7000
6995
6996
6997
7002
7001
7005
7022
7025
7006
7020
7008
7030
7031
7041
7040
7007
7009
7052
7051
6998
7024
7026
7010
7045
7049
7021
7012
7048
7004
7055
7003
7036
7014
7044
7037
7054
7015
7027
7011
7028
7017
7042
7029
7032
7043
7053
7034
7039
7038
7013
7046
7018
7016
7023
7035
7033
7047
7050
7019
7057
7056
7058
7059
7060
7062
7061
7063
7069
7068
7066
7071
7107
7070
7077
7106
7095
7089
7119
7072
7065
7067
7074
7064
7082
7079
7084
7113
7105
7096
7092
7109
7099
7104
7073
7108
7091
7117
7093
7110
7126
7085
7101
7120
7075
7114
7123
7124
7094
7088
7087
7080
7086
7076
7115
7097
7078
7122
7083
7116
7112
7121
7111
7100
7090
7103
7098
7102
7118
7125
7081
7127
7130
7137
7134
7151
7160
7159
7135
7129
7138
7131
7141
7150
7143
7139
7146
7133
7163
7136
7132
7142
7161
7164
7153
7152
7165
7157
7140
7162
7147
7158
7145
7128
7154
7148
7156
7149
7144
7155
7170
7190
7173
7179
7174
7177
7182
7187
7186
7166
7175
7176
7178
7185
7183
7189
7191
7181
7188
7167
7168
7172
7184
7169
7180
7171
7195
7196
7199
7193
7198
7202
7208
7217
7225
7221
7213
7223
7206
7200
7205
7210
7219
7215
7194
7201
7203
7209
7218
7211
7227
7214
7197
7228
7192
7216
7204
7207
7232
7224
7220
7230
7222
7226
7212
7229
7231
7235
7255
7233
7242
7239
7247
7250
7245
7240
7252
7261
7269
7278
7253
7236
7234
7272
7296
7284
7251
7256
7268
7280
7243
7287
7262
7241
7263
7244
7258
7237
7270
7267
7289
7283
7275
7286
7246
7254
7295
7293
7279
7277
7274
7257
7285
7273
7276
7264
7260
7259
7281
7288
7294
7249
7271
7292
7248
7282
7291
7266
7238
7290
7265
7297
7299
7298
7301
7310
7314
7307
7329
7308
7331
7315
7324
7302
7320
7327
7316
7325
7305
7322
7313
7303
7311
7306
7323
7309
7318
7326
7312
7304
7332
7319
7300
7346
7328
7342
7335
7333
7317
7321
7356
7351
7355
7341
7338
7343
7349
7353
7339
7330
7344
7358
7352
7360
7361
7348
7337
7336
7340
7354
7350
7362
7334
7347
7357
7345
7359
7363
7367
7365
7369
7366
7364
7370
7368
7383
7371
7372
7374
7386
7373
7389
7379
7377
7375
7378
7380
7387
7393
7391
7384
7381
7385
7390
7376
7392
7398
7394
7388
7382
7400
7417
7401
7413
7421
7404
7405
7396
7408
7412
7395
7407
7403
7410
7425
7423
7415
7420
7422
7416
7424
7402
7399
7419
7406
7426
7411
7409
7418
7414
7427
7397
7428
7453
7431
7463
7429
7437
7442
7433
7440
7441
7449
7444
7446
7462
7452
7445
7454
7435
7430
7443
7456
7448
7457
7434
7461
7447
7432
7450
7451
7439
7438
7436
7459
7455
7464
7458
7460
7466
7475
7489
7484
7498
7471
7503
7495
7483
7472
7515
7478
7492
7469
7488
7520
7473
7506
7468
7482
7512
7476
7519
7528
7470
7517
7508
7526
7479
7485
7477
7497
7493
7500
7490
7510
7518
7511
7523
7522
7509
7494
7524
7486
7474
7525
7516
7480
7505
7502
7496
7507
7501
7491
7513
7527
7504
7465
7514
7521
7467
7487
7499
7481
7529
7530
7541
7534
7536
7535
7560
7532
7568
7531
7538
7543
7537
7562
7555
7539
7553
7550
7545
7570
7547
7559
7569
7564
7572
7533
7549
7551
7546
7567
7563
7573
7565
7574
7552
7566
7556
7548
7575
7571
7544
7576
7558
7561
7578
7557
7540
7582
7542
7580
7592
7589
7585
7591
7584
7583
7579
7581
7577
7587
7588
7554
22
7590
7586
7594
7597
7599
7593
7595
7603
7604
7600
7596
7598
7601
7615
7606
7602
7607
7610
7605
7614
7613
7608
7611
7612
7609
7618
7619
7631
7616
7626
7620
7621
7622
7623
7629
7627
7624
7625
7628
7634
7630
7632
7635
7617
7641
7633
7648
7637
7647
7639
7654
7643
7640
7652
7656
7653
7645
7646
7649
7642
7650
7655
7638
7657
7636
7651
7644
7665
7674
7677
7664
7685
7714
7668
7661
7666
7697
7688
7670
7700
7672
7678
7686
7706
7669
7704
7713
7715
7695
7691
7694
7703
7687
7709
7708
7710
7676
7689
7659
7684
7712
7707
7680
7683
7667
7698
7705
7719
7699
7717
7663
7660
7679
7690
7701
7702
7682
7721
7673
7675
7693
7692
7722
7658
7681
7718
7662
7696
7716
7720
7671
7711
7727
7735
7745
7737
7749
7780
7775
7724
7783
7752
7773
7730
7758
7759
7754
7762
7753
7761
7739
7764
7785
7776
7750
7741
7772
7738
7746
7756
7723
7767
7734
7748
7769
7766
7779
7743
7770
7725
7731
7729
7744
7778
7755
7763
7781
7728
7740
7768
7777
7786
7747
7784
7742
7726
7774
7732
7757
7733
7782
7771
7787
7760
7751
7765
7736
7791
7802
7807
7799
7805
7790
7820
7821
7814
7811
7848
7834
7803
7824
7823
7793
7797
7833
7792
7796
7800
7812
7816
7846
7815
7842
7837
7826
7810
7801
7835
7849
7840
7789
7795
7794
7818
7828
7836
7817
7851
7847
7841
7832
7808
7813
7852
7829
7825
7839
7804
7850
7830
7831
7844
7822
7843
7838
7809
7845
7806
7798
7827
7788
7819
7854
7856
7855
7858
7853
7857
7860
7859
7862
7865
7872
7887
7871
7888
7863
7867
7870
7861
7882
7893
7878
7907
7869
7890
7889
7866
7911
7904
7906
7879
7905
7886
7912
7916
7864
7881
7901
7883
7896
7898
7874
7894
7868
7909
7876
7917
7884
7873
7877
7880
7885
7902
7895
7910
7875
7913
7914
7918
7891
7908
7892
7900
7897
7915
7903
7899
7919
7922
7926
7923
7930
7921
7925
7920
7924
7929
7927
7928
7931
7932
7933
7934
7942
7936
7939
7937
7953
7948
7952
7941
7943
7955
7946
7947
7935
7945
7951
7950
7940
7954
7938
7944
7949
7956
7969
7982
7973
7985
7959
7979
7961
7994
7978
7967
7968
7989
7974
7976
7964
7957
7960
7972
7958
7963
7970
7991
7983
7990
7984
7966
7965
7962
7986
7977
7981
7993
7995
7975
7971
7988
7980
7996
7992
7987
8001
8005
8018
7998
8014
8017
8002
8009
7999
8008
8013
8012
8016
8015
8004
8011
8019
8000
7997
8007
8010
8020
8003
8006
8022
8027
8028
8024
8030
8026
8033
8039
8059
8040
8025
8029
8021
8060
8035
8043
8045
8041
8055
8051
8057
8047
8049
8050
8037
8046
8034
8032
8058
8031
8044
8054
8036
8056
8052
8038
8048
8053
8023
8061
8042
8062
8079
8078
8067
8082
8069
8068
8085
8074
8077
8080
8072
8070
8065
8063
8064
8071
8066
8076
8084
8083
8073
8075
8081
8090
8097
8088
8101
8106
8093
8122
8114
8111
8091
8092
8115
8098
8118
8087
8086
8109
8110
8104
8116
8099
8096
8095
8102
8108
8103
8089
8094
8120
8100
8112
8107
8113
8105
8121
8123
8119
8126
8127
8117
8125
8124
8129
8132
8128
8136
8138
8130
8139
8131
8140
8137
8147
8150
8141
8143
8134
8144
8133
8142
8146
8145
8148
8135
8149
8154
8158
8157
8152
8153
8159
8156
8161
8170
8166
8185
8164
8167
8151
8155
8171
8181
8160
8180
8193
8189
8184
8191
8192
8173
8163
8169
8182
8190
8176
8187
8183
8188
8165
8168
8177
8172
8162
8175
8174
8196
8215
8178
8208
8207
8199
8203
8186
8204
8201
8197
8213
8179
8194
8206
8209
8195
8198
8205
8214
8210
8202
8212
8211
8200
8220
8218
8222
8224
8230
8228
8226
8233
8223
8229
8217
8235
8227
8232
8231
8234
8225
8236
8221
8216
8219
8240
8246
8241
8248
8244
8247
8253
8250
8242
8237
8245
8243
8238
8249
8251
8239
8254
8259
8263
8258
8272
8275
8255
8264
8256
8280
8273
8265
8252
8276
8268
8260
8267
8261
8262
8278
8271
8282
8266
8277
8270
8281
8285
8274
8257
8283
8269
8279
8287
8291
8290
8292
8301
8297
8284
8295
8289
8288
8294
8299
8298
8300
8286
8293
8296
8305
8303
8304
8310
8307
8302
8306
8309
8322
8311
8326
8308
8315
8313
8334
8316
8323
8318
8324
8332
8330
8328
8314
8317
8341
8356
8312
8360
8339
8336
8320
8327
8362
8325
8358
8346
8338
8321
8337
8319
8329
8350
8352
8344
8340
8331
8345
8357
8361
8342
8351
8353
8359
8335
8364
8366
8343
8349
8355
8347
8333
8365
8348
8363
8354
8370
8367
8368
8376
8377
8371
8374
8372
8378
8373
8375
8379
8380
8387
8382
8383
8390
8397
8369
8388
8384
8385
8394
8392
8400
8381
8386
8399
8401
8391
8395
8393
8398
8389
8402
8404
8407
8416
8427
8412
8409
8396
8415
8421
8403
8428
8422
8413
8419
8405
8420
8408
8417
8430
8423
8429
8431
8410
8418
8426
8406
8411
8414
8425
8434
8432
8424
8448
8449
8455
8444
8437
8453
8442
8440
8443
8454
8446
8436
8435
8456
8433
8439
8457
8438
8441
8450
8445
8451
8466
8452
8447
8465
8461
8464
8458
8459
8463
8462
8460
8474
8494
8502
8504
8486
8511
8469
8500
8505
8471
8485
8478
8467
8496
8508
8468
8476
8482
8470
8506
8472
8497
8499
8479
8491
8473
8488
8475
8489
8490
8477
8503
8480
8481
8507
8484
8483
8509
8492
8498
8493
8495
8487
8501
8510
8515
8514
8513
8516
8519
8522
8512
8528
8529
8527
8526
8523
8531
8524
8517
8525
8530
8520
8521
8518
8534
8533
8532
8539
8537
8535
8544
8552
8550
8548
8564
8549
8542
8556
8553
8545
8559
8560
8536
8558
8575
8551
8540
8547
8541
8546
8555
8538
8570
8574
8554
8557
8562
8573
8543
8565
8569
8576
8563
8571
8587
8566
8584
8585
8581
8578
8586
8572
8579
8577
8568
8583
8580
8567
8582
8561
8596
8589
8597
8593
8590
8595
8613
8606
8594
8592
8611
8610
8615
8608
8633
8622
8600
8612
8628
8618
8599
8604
8588
8616
8634
8607
8621
8629
8625
8627
8617
8614
8632
8603
8598
8591
8601
8623
8605
8602
8609
8620
8619
8626
8636
8631
8642
8624
8630
8643
8652
8651
8640
8648
8646
8644
8641
8638
8649
8647
8645
8639
8635
8637
8650
8655
8654
8657
8663
8653
8659
8656
8658
8669
8675
8680
8679
8671
8681
8665
8670
8668
8664
8661
8667
8672
8676
8677
8662
8674
8673
8678
8683
8660
8666
8682
8692
8710
8685
8714
8693
8712
8684
8715
8697
8706
8689
8708
8694
8700
8699
8704
8703
8690
8687
8695
8711
8688
8686
8705
8707
8717
8701
8691
8713
8696
8709
8716
8698
8702
8718
8732
8719
8721
8728
8736
8734
8723
8726
8742
8729
8724
8738
8744
8720
8730
8743
8745
8741
8733
8737
8740
8727
8731
8735
8725
8746
8739
8722
8747
8749
8751
8762
8758
8753
8759
8765
8760
8770
8804
8777
8755
8774
8780
8752
8782
8761
8773
8787
8772
8799
8757
8794
8796
8764
8771
8763
8754
8776
8778
8781
8790
8769
8748
8766
8779
8798
8756
8767
8785
8750
8786
8801
8775
8797
8807
8806
8805
8768
8788
8791
8802
8784
8795
8783
8803
8800
8793
8789
8792
8810
8809
8811
8808
8812
8814
8813
8816
8819
8822
8823
8821
8824
8825
8827
8815
8820
8818
8817
8829
8830
8831
8833
8834
8838
8851
8837
8841
8845
8828
8843
8858
8867
8872
8836
8839
8832
8870
8869
8842
8878
8846
8855
8849
8854
8868
8852
8865
8873
8864
8847
8877
8844
8875
8835
8879
8860
8876
8848
8861
8863
8856
8871
8826
8840
8862
8853
8874
8857
8850
8866
8859
8880
8888
8883
8889
8882
8885
8886
8881
8884
8891
8890
8887
8894
8893
8895
8897
8905
8914
8892
8913
8917
8901
8902
8906
8909
8899
8912
8903
8900
8915
8896
8908
8904
8916
8910
8898
8907
8911
8922
8918
8937
8923
8920
8926
8925
8940
8934
8919
8944
8921
8935
8936
8927
8941
8924
8928
8931
8929
8932
8930
8943
8982
8946
8939
8945
8976
8974
8954
8957
8938
8967
8942
8965
8972
8963
8955
8977
8948
8960
8969
8933
8971
8978
8950
8979
8952
8983
8958
8970
8947
8959
8949
8962
8980
8975
8981
8951
8985
8987
8964
8986
8973
8953
8956
8961
8984
8968
8966
8989
8990
8996
8998
8988
8991
9003
9014
9018
8993
8995
8992
9007
9011
8999
9009
9010
9021
9026
9013
9030
9005
8994
9006
9025
9034
9008
9012
9028
9017
9033
9027
9040
9043
9035
9016
9015
9037
9041
9032
9046
9019
9042
9049
9002
9029
9031
9050
9004
9001
9036
9048
9023
9047
9039
9024
9000
9020
8997
9038
9044
9051
9052
9045
9022
9054
9053
9056
9058
9055
9063
9081
9059
9084
9083
9077
9082
9068
9070
9061
9086
9078
9062
9079
9085
9075
9087
9074
9094
9067
9069
9103
9073
9066
9071
9057
9060
9106
9112
9064
9072
9065
9076
9080
9089
9092
9088
9099
9104
9116
9095
9093
9102
9096
9107
9114
9098
9113
9091
9100
9115
9117
9109
9108
9101
9111
9105
9110
9097
9090
9122
9120
9121
9118
9125
9124
9119
9148
9129
9149
9123
9127
9145
9137
9136
9147
9140
9156
9132
9133
9135
9146
9154
9141
9155
9153
9131
9162
9152
9126
9163
9158
9168
9177
9167
9166
9142
9144
9160
9165
9171
9138
9176
9174
9179
9182
9134
9157
9130
9175
9164
9151
9143
9178
9170
9159
9139
9161
9169
9173
9150
9128
9172
9181
9183
9180
9184
9188
9190
9185
9195
9187
9186
9189
9196
9193
9191
9192
9194
9199
9200
9197
9202
9201
9198
9218
9212
9206
9237
9209
9221
9211
9217
9239
9227
9234
9236
9215
9223
9207
9233
9220
9208
9241
9204
9222
9210
9230
9205
9203
9247
9249
9235
9213
9240
9224
9232
9229
9231
9219
9216
9243
9244
9225
9242
9245
9238
9248
9228
9214
9226
9246
2103
2107
2112
2106
2108
2117
2127
2125
2128
2122
2109
2113
2129
2119
9250
9260
9253
9252
9255
9251
9259
9257
9254
9261
9256
9258
9263
9264
9262
9270
9274
9275
9271
9268
9280
9283
9292
9277
9267
9269
9265
9273
9289
9293
9272
9286
9282
9266
9302
9278
9279
9300
9276
9281
9288
9284
9294
9297
9291
9295
9296
9287
9285
9307
9310
9304
9318
9311
9290
9313
9320
9314
9316
9323
9306
9324
9322
9321
9298
9305
9308
9315
9312
9309
9301
9317
9325
9299
9303
9319
9328
9327
9332
9335
9334
9329
9333
9331
9326
9330
9337
9336
9344
9339
9338
9345
9351
9352
9360
9347
9340
9349
9348
9353
9354
9341
9350
9346
9342
9357
9359
9370
9362
9368
9394
9383
9373
9363
9355
9386
9376
9371
9356
9377
9392
9364
9395
9389
9401
9375
9380
9369
9381
9366
9404
9403
9405
9398
9367
9384
9393
9365
9402
9358
9397
9374
9378
9387
9399
9343
9361
9382
9385
9379
9391
9390
9388
9400
9396
9372
9413
9411
9407
9410
9406
9417
9416
9409
9412
9414
9415
9408
9421
9420
9422
9418
9419
9435
9424
9423
9431
9434
9430
9450
9441
9432
9445
9427
9426
9463
9442
9448
9437
9436
9472
9440
9458
9428
9461
9446
9453
9449
9443
9452
9493
9451
9438
9459
9464
9467
9444
9492
9482
9457
9478
9479
9473
9433
9455
9439
9468
9471
9490
9470
9466
9477
9475
9494
9497
9496
9484
9447
9485
9454
9480
9425
9429
9476
9483
9489
9460
9488
9495
9462
9481
9491
9456
9469
9486
9487
9465
9474
9502
9499
9498
9501
9509
9504
9503
9525
9528
9500
9508
9505
9529
9510
9511
9524
9515
9523
9513
9516
9520
9517
9514
9530
9526
9531
9512
9527
9532
9506
9564
9566
9550
9554
9537
9522
9555
9551
9534
9538
9543
9542
9560
9561
9552
9563
9518
9546
9557
9559
9519
9547
9556
9567
9536
9569
9570
9562
9577
9576
9540
9521
9541
9548
9544
9545
9553
9535
9573
9571
9568
9572
9558
9575
9533
9539
9549
9507
9574
9565
9580
9581
9582
9586
9587
9584
9583
9591
9588
9579
9590
9592
9578
9585
9589
9594
9599
9595
9593
9600
9608
9617
9597
9611
9616
9606
9604
9615
9598
9614
9596
9603
9601
9607
9609
9618
9610
9602
9612
9605
9613
9624
9642
9647
9625
9652
9648
9632
9635
9637
9633
9645
9630
9620
9629
9673
9671
9653
9636
9655
9692
9680
9697
9660
9651
9628
9619
9641
9649
9670
9683
9691
9679
9686
9667
9634
9623
9658
9661
9676
9695
9668
9621
9689
9650
9685
9684
9693
9627
9656
9626
9640
9682
9644
9698
9665
9631
9678
9659
9696
9666
9672
9690
9663
9677
9669
9638
9657
9675
9662
9622
9639
9688
9687
9646
9643
9694
9681
9654
9674
9664
9700
9704
9720
9707
9721
9737
9715
9726
9701
9728
9724
9702
9699
9730
9710
9736
9731
9725
9717
9723
9734
9714
9716
9706
9705
9727
9711
9735
9709
9729
9703
9708
9732
9733
9722
9739
9719
9712
9738
9741
9718
9740
9713
9748
9776
9777
9745
9742
9761
9749
9774
9763
9746
9764
9747
9768
9757
9778
9775
9743
9756
9760
9759
9755
9753
9758
9766
9751
9770
9744
9752
9754
9771
9762
9750
9773
9767
9772
9769
9765
9779
9783
9805
9788
9791
9793
9789
9804
9803
9807
9780
9784
9795
9790
9794
9814
9785
9816
9801
9799
9787
9796
9809
9806
9813
9781
9800
9818
9808
9819
9811
9815
9817
9821
9792
9786
9810
9798
9782
9812
9797
9820
9802
9822
9823
9829
9826
9835
9833
9830
9842
9831
9834
9827
9828
9843
9855
9832
9825
9854
9838
9857
9836
9824
9846
9851
9850
9847
9844
9858
9856
9841
9853
9845
9852
9837
9839
9849
9840
9848
9860
9865
9864
9868
9872
9859
9873
9862
9878
9883
9877
9891
9888
9874
9879
9886
9880
9890
9866
9900
9902
9903
9869
9875
9884
9871
9893
9870
9887
9885
9861
9897
9899
9889
9876
9892
9863
9867
9905
9904
9895
9896
9894
9881
9882
9901
9898
9908
9916
9930
9927
9926
9937
9906
9918
9931
9920
9923
9907
9934
9909
9936
9933
9912
9932
9911
9913
9928
9919
9938
9935
9924
9915
9925
9922
9914
9917
9921
9929
9910
9944
9953
9941
9950
9949
9942
9955
9943
9965
9964
9960
9954
9940
9956
9957
9962
9968
9963
9947
9948
9961
9958
9951
9959
9939
9945
9967
9966
9969
9952
9970
9946
9971
9972
9979
9980
9981
9984
9997
9989
9974
9985
10000
9976
9990
9978
9987
9994
9995
9982
9998
9973
9996
9986
9992
9983
9977
9991
9975
9988
9999
9993
3787
3792
3794
3795
3844
3868
3869
3853
3856
3858
3849
3874
3865
3864
3879
3877
3883
3878
3882
5281

Filtered Ports:

Scan completed in: 0:00:01.686906
